** mean radius [m], standard deviation in log10 [-], weight [-], gaussian parameters to define parentrock psd (e.g., 1e-5    0.2    1)
5.5E-09	0.01	0
6.5E-09	0.01	0
7.5E-09	0.01	0
8.5E-09	0.01	0
0.00000001	0.01	0
1.15E-08	0.01	0
0.000000013	0.01	0
0.000000015	0.01	0
0.000000017	0.01	0
1.95E-08	0.01	0
0.000000022	0.01	0
2.55E-08	0.01	0
0.000000029	0.01	0
3.35E-08	0.01	0
0.000000038	0.01	0
4.35E-08	0.01	0
0.00000005	0.01	0
5.75E-08	0.01	0
6.55E-08	0.01	0
0.000000075	0.01	0
0.000000086	0.01	0
9.85E-08	0.01	0
0.000000113	0.01	0
1.295E-07	0.01	0
0.000000148	0.01	0
1.695E-07	0.01	0
1.945E-07	0.01	0
2.225E-07	0.01	0
0.000000255	0.01	0
0.000000292	0.01	0
3.345E-07	0.01	0
0.000000383	0.01	0
4.385E-07	0.01	0
5.025E-07	0.01	0
5.755E-07	0.01	0
0.000000659	0.01	0
0.000000755	0.01	0
8.645E-07	0.01	0
9.905E-07	0.01	0
1.1345E-06	0.01	0
1.2995E-06	0.01	0
0.000001488	0.01	0
1.7045E-06	0.01	0
1.9525E-06	0.01	0
0.000002236	0.01	1
0.000002561	0.01	0.938609066
2.9335E-06	0.01	0.866775726
0.00000336	0.01	0.778341493
3.8485E-06	0.01	0.670525123
0.000004408	0.01	0.548870489
5.0485E-06	0.01	0.429953034
5.7825E-06	0.01	0.324674351
0.000006623	0.01	0.230888543
0.000007586	0.01	0.155399411
8.6885E-06	0.01	0.100518086
0.000009952	0.01	0.063785847
1.13985E-05	0.01	0.040453301
1.30555E-05	0.01	0.026149675
1.49535E-05	0.01	0.017402765
1.71275E-05	0.01	0.011885778
0.000019617	0.01	0.008315668
0.000022469	0.01	0.005921526
2.57355E-05	0.01	0.004226716
2.94765E-05	0.01	0.003007024
3.37615E-05	0.01	0.002130353
0.00003867	0.01	0.001480523
4.42915E-05	0.01	0.001018308
0.00005073	0.01	0.000688691
0.000058105	0.01	0.000462714
6.65515E-05	0.01	0.000330316
7.62265E-05	0.01	0.000248737
0.000087308	0.01	0.000193103
0.0001	0.01	0.000151829
0.000114538	0.01	0.000118404
0.000131188	0.01	9.0015E-05
0.000150259	0.01	6.66945E-05
0.000172103	0.01	4.91657E-05
0.000197122	0.01	3.66502E-05
0.000225778	0.01	2.72058E-05
0.0002586	0.01	1.97745E-05
0.000296194	0.01	1.44803E-05
0.000339252	0.01	1.07748E-05
0.000388571	0.01	8.13985E-06
0.000445058	0.01	6.32442E-06
0.000509758	0.01	4.89139E-06
0.000583863	0.01	3.61007E-06
0.000668741	0.01	2.37956E-06
0.000765957	0.01	1.35166E-06
0.000877307	0.01	6.78522E-07
0.001004844	0.01	3.18687E-07
0.001150921	0.01	1.46847E-07
0.001318234	0.01	6.72801E-08
0.0015	0.01	2.93585E-08