** mean radius [m], standard deviation in log10 [-], weight [-], gaussian parameters to define dust psd (e.g., 1e-5    0.2    1)
5.5E-09	0.0001	0
6.5E-09	0.0001	0
7.5E-09	0.0001	0
8.5E-09	0.0001	0
0.00000001	0.0001	0
1.15E-08	0.0001	0
0.000000013	0.0001	0
0.000000015	0.0001	0
0.000000017	0.0001	0
1.95E-08	0.0001	0
0.000000022	0.0001	0
2.55E-08	0.0001	0
0.000000029	0.0001	0
3.35E-08	0.0001	0
0.000000038	0.0001	0
4.35E-08	0.0001	0
0.00000005	0.0001	0
5.75E-08	0.0001	0
6.55E-08	0.0001	0
0.000000075	0.0001	0
0.000000086	0.0001	0
9.85E-08	0.0001	0
0.000000113	0.0001	0
1.295E-07	0.0001	0
0.000000148	0.0001	0
1.695E-07	0.0001	0
1.945E-07	0.0001	0
2.225E-07	0.0001	0
0.000000255	0.0001	0
0.000000292	0.0001	0
3.345E-07	0.0001	0
0.000000383	0.0001	0
4.385E-07	0.0001	0
5.025E-07	0.0001	0
5.755E-07	0.0001	0
0.000000659	0.0001	0
0.000000755	0.0001	0
8.645E-07	0.0001	0
9.905E-07	0.0001	0
1.1345E-06	0.0001	0
1.2995E-06	0.0001	0
0.000001488	0.0001	0
1.7045E-06	0.0001	0
1.9525E-06	0.0001	0
0.000002236	0.0001	1.04658E+16
0.000002561	0.0001	9.82325E+15
2.9335E-06	0.0001	9.07146E+15
0.00000336	0.0001	8.14593E+15
3.8485E-06	0.0001	7.01755E+15
0.000004408	0.0001	5.74434E+15
5.0485E-06	0.0001	4.49978E+15
5.7825E-06	0.0001	3.39796E+15
0.000006623	0.0001	2.41642E+15
0.000007586	0.0001	1.62637E+15
8.6885E-06	0.0001	1.052E+15
0.000009952	0.0001	6.67567E+14
1.13985E-05	0.0001	4.23374E+14
1.30555E-05	0.0001	2.73676E+14
1.49535E-05	0.0001	1.82133E+14
1.71275E-05	0.0001	1.24394E+14
0.000019617	0.0001	8.70297E+13
0.000022469	0.0001	6.19732E+13
2.57355E-05	0.0001	4.42358E+13
2.94765E-05	0.0001	3.14708E+13
3.37615E-05	0.0001	2.22958E+13
0.00003867	0.0001	1.54948E+13
4.42915E-05	0.0001	1.06574E+13
0.00005073	0.0001	7.20767E+12
0.000058105	0.0001	4.84265E+12
6.65515E-05	0.0001	3.45701E+12
7.62265E-05	0.0001	2.60322E+12
0.000087308	0.0001	2.02097E+12
0.0001	0.0001	1.589E+12
0.000114538	0.0001	1.23919E+12
0.000131188	0.0001	9.42074E+11
0.000150259	0.0001	6.98008E+11
0.000172103	0.0001	5.14556E+11
0.000197122	0.0001	3.83572E+11
0.000225778	0.0001	2.84729E+11
0.0002586	0.0001	2.06955E+11
0.000296194	0.0001	1.51548E+11
0.000339252	0.0001	1.12767E+11
0.000388571	0.0001	85189638090
0.000445058	0.0001	66189793243
0.000509758	0.0001	51192091300
0.000583863	0.0001	37782099989
0.000668741	0.0001	24903867169
0.000765957	0.0001	14146175540
0.000877307	0.0001	7101246206
0.001004844	0.0001	3335301292
0.001150921	0.0001	1536867092
0.001318234	0.0001	704137274.9
0.0015	0.0001	307259259.3